
Segue un esempio di output generato dal programma:

2021-11-01 14:01:09,264 - [INFO] Accepted connection from 127.0.0.1:29112
2021-11-01 14:01:09,264 - [DEBUG] <- Rx TCP: 02 D6 00 00 00 06 02 03 00 5A 00 0A 
2021-11-01 14:01:09,265 - [DEBUG] -> Tx 485: 02 03 00 5A 00 0A E5 ED
2021-11-01 14:01:09,661 - [DEBUG] <- Rx 485: 02 03 14 00 0B 00 00 00 00 FF FE FD FC FB FA 00 00 00 00 00 00 00 00 64 24 
2021-11-01 14:01:09,661 - [DEBUG] -> Tx TCP: 02 D6 00 00 00 17 02 03 14 00 0B 00 00 00 00 FF FE FD FC FB FA 00 00 00 00 00 00 00 00
2021-11-01 14:01:13,723 - [INFO] Accepted connection from 127.0.0.1:29114
2021-11-01 14:01:13,724 - [DEBUG] <- Rx TCP: 02 D7 00 00 00 06 02 03 00 5A 00 78
2021-11-01 14:01:13,724 - [DEBUG] -> Tx 485: 02 03 00 5A 00 78 65 C8
2021-11-01 14:01:14,182 - [DEBUG] <- Rx 485: 02 03 F0 00 0B 00 00 00 00 FF FE FD FC FB FA 00 00 00 00 00 00 00 00 FB 83 00 9A 00 00 41 75 98 D2 00 00 FC 37 FD 87 00 00 01 59 0D 80 00 00 FE 58 04 D2 00 00 00 00 00 00 00 00 00 00 00 00 41 42 43 44 45 46 00 00 00 00 00 00 00 00 00 00 00 00 00 00 00 00 00 00 00 00 00 00 00 00 00 00 00 00 00 00 00 00 00 00 00 00 00 00 00 00 00 00 00 00 00 00 00 00 00 00 00 00 00 00 00 00 00 00 00 00 00 00 00 00 00 00 00 00 00 00 00 00 00 00 00 00 00 00 00 00 00 00 00 
00 00 00 00 00 00 00 00 00 00 00 00 00 00 00 00 00 00 00 00 00 00 00 00 00 00 00 00 00 00 00 00 00 00 00 00 00 00 00 00 00 00 00 00 00 00 00 00 00 00 00 00 00 00 00 00 00 00 00 00 00 00 00 00 00 00 00 00 00 00 00 00 00 00 00 00 00 00 00 00 00 00 00 00 00 00 00 00 00 00 00 86 3D
2021-11-01 14:01:14,184 - [DEBUG] -> Tx TCP: 02 D7 00 00 00 F3 02 03 F0 00 0B 00 00 00 00 FF FE FD FC FB FA 00 00 00 00 00 00 00 00 FB 83 00 9A 00 00 41 75 98 D2 00 00 FC 37 FD 87 00 00 01 59 0D 80 00 00 FE 58 04 D2 00 00 00 00 00 00 00 00 00 00 00 00 41 42 43 44 45 46 00 00 00 00 00 00 00 00 00 00 00 00 00 00 00 00 00 00 00 00 00 00 00 00 00 00 00 00 00 00 00 00 00 00 00 00 00 00 00 00 00 00 00 00 00 00 00 00 00 00 00 00 00 00 00 00 00 00 00 00 00 00 00 00 00 00 00 00 00 00 00 00 00 00 00 00 00 
00 00 00 00 00 00 00 00 00 00 00 00 00 00 00 00 00 00 00 00 00 00 00 00 00 00 00 00 00 00 00 00 00 00 00 00 00 00 00 00 00 00 00 00 00 00 00 00 00 00 00 00 00 00 00 00 00 00 00 00 00 00 00 00 00 00 00 00 00 00 00 00 00 00 00 00 00 00 00 00 00 00 00 00 00 00 00 00 00 00 00 00 00 00 00 00 00